
PRATHAM
1 41783U 16059A   21026.42336508  .00000108  00000-0  30040-4 0  9996
2 41783  97.9868  81.2371 0032884 335.9215  24.0449 14.63107698231483
AAUSAT-4
1 41460U 16025E   21026.36235141  .00005686  00000-0  27080-3 0  9990
2 41460  98.1188 157.5693 0150363 166.9951 193.5227 15.10065755261264
OUFTI-1
1 41458U 16025C   21026.60833522  .00005730  00000-0  28094-3 0  9997
2 41458  98.1237 155.4140 0160869 177.4978 182.7091 15.07854888261097
LILACSAT 2
1 40908U 15049K   21026.55437432  .00000383  00000-0  24533-4 0  9999
2 40908  97.5002  28.5326 0015050 336.1185 140.2909 15.14263489295756
FIREBIRD 4
1 40378U 15003C   21026.25532399  .00004713  00000-0  17741-3 0  9998
2 40378  99.0837 138.1468 0119571 289.2165  69.6158 15.21337392331163
AISSAT 2
1 40075U 14037G   21026.51484333  .00000138  00000-0  24478-4 0  9994
2 40075  98.4518 228.4912 0006099 143.3240 216.8443 14.82600780354536
UKUBE 1
1 40074U 14037F   21026.49515439  .00000316  00000-0  44687-4 0  9994
2 40074  98.4423 234.0414 0005119 113.9968 246.1792 14.84439392354840
AISAT
1 40054U 14034B   21026.40809136  .00000701  00000-0  10412-3 0  9996
2 40054  98.3009 174.9377 0013680 135.6645 224.5663 14.78265728354549
STRAND 1
1 39090U 13009E   21026.52997837  .00000079  00000-0  42774-4 0  9999
2 39090  98.4365 231.9786 0008876 348.1013  11.9961 14.35165789414682
AAUSAT3
1 39087U 13009B   21026.50512234  .00000109  00000-0  52406-4 0  9994
2 39087  98.4337 232.9094 0012437 342.3681  17.7105 14.35891003414820
AEROCUBE 4
1 38769U 12048M   21026.43254374  .00000687  00000-0  74829-4 0  9996
2 38769  64.6694 291.2229 0147293  56.6943 304.8173 14.89394328 74958
AEROCUBE 4.5A
1 38767U 12048K   21026.01929717  .00000591  00000-0  63122-4 0  9996
2 38767  64.6654 260.3036 0137671  55.1453 306.2514 14.92559163 75011
AENEAS
1 38760U 12048C   21025.48424735 +.00001160 +00000+0 +79307-4 0  2255
2 38760  64.6579 119.4366 0102708  42.0067 318.8844 15.07669149198237
RAX-2
1 37853U 11061D   21026.50936142  .00002890  00000-0  15829-3 0  9993
2 37853 101.7233 224.7676 0165894 151.7167 209.3176 15.04876411504374
DICE 2
1 37852U 11061C   21026.55476006  .00002879  00000-0  14651-3 0  9994
2 37852 101.7274 241.8028 0159613 124.4083 237.2338 15.08097499504987
DICE 1
1 37851U 11061B   21026.50742010  .00004072  00000-0  20955-3 0  9990
2 37851 101.7471 229.0307 0177425 162.2554 198.4962 15.04960634504467
ITUPSAT 1
1 35935U 09051E   21026.52388381  .00000161  00000-0  48036-4 0  9992
2 35935  98.6150 224.0303 0008259 169.2064 190.9311 14.55683456602124
UWE-2
1 35934U 09051D   21026.48334507  .00000131  00000-0  41019-4 0  9998
2 35934  98.6114 219.4982 0006562 172.7313 187.3980 14.55999691602320
BEESAT
1 35933U 09051C   21026.53523347  .00000184  00000-0  52474-4 0  9990
2 35933  98.6046 223.8770 0005961 166.0066 194.1297 14.56545677602374
SWISSCUBE
1 35932U 09051B   21026.49498030  .00000207  00000-0  57725-4 0  9994
2 35932  98.6068 221.9809 0007968 156.1926 203.9641 14.56480793602293
SEEDS
1 32791U 08021J   21026.52232772  .00000791  00000-0  84766-4 0  9996
2 32791  97.5583  17.0483 0014724  80.2966 279.9915 14.91258420691704
DELFI C3
1 32789U 08021G   21026.34981357  .00002252  00000-0  14845-3 0  9997
2 32789  97.3939  67.1085 0010335 270.7410  89.2634 15.08429698695409
AEROCUBE 2
1 31133U 07012R   21026.58856144  .00000218  00000-0  54489-4 0  9998
2 31133  98.1934 333.4653 0080196 341.8170  18.0165 14.59285245732853
LIBERTAD 1
1 31128U 07012M   21026.55557455  .00000226  00000-0  58407-4 0  9995
2 31128  98.2200 326.3521 0097538  68.4969 292.6594 14.56265751731420
CSTB 1
1 31122U 07012F   21026.59932881  .00000344  00000-0  77123-4 0  9990
2 31122  98.1932 339.5486 0077439 318.5833  40.9513 14.61156417733362
CUBESAT XI-V
1 28895U 05043F   21026.32198287  .00000200  00000-0  47322-4 0  9999
2 28895  98.0364 162.8617 0015577 300.1656  59.8003 14.63857724813218
CUBESAT XI-IV
1 27848U 03031J   21026.53465488  .00000067  00000-0  50070-4 0  9999
2 27848  98.6878  37.4573 0010468 138.3093 221.8884 14.21864826911648
CANX-1
1 27847U 03031H   21026.49870430  .00000059  00000-0  46048-4 0  9991
2 27847  98.6857  35.3755 0010404 103.4696 256.7642 14.22235327911935
DTUSAT
1 27842U 03031C   21026.50768381  .00000062  00000-0  47458-4 0  9999
2 27842  98.6845  35.4123 0010422 102.5841 257.6503 14.22300600911976
QB50P2
1 40032U 14033Y   21026.51484989  .00000519  00000-0  61359-4 0  9992
2 40032  97.9128 313.8539 0010429 285.2168  74.7895 14.88831107358172
DTUSAT-2
1 40030U 14033W   21026.55587690  .00000472  00000-0  56364-4 0  9995
2 40030  97.9119 313.8903 0010504 284.0620  75.9429 14.88876841358203
POPSAT HIP 1
1 40028U 14033U   21026.56488261  .00000254  00000-0  32956-4 0  9996
2 40028  97.9334 317.8101 0012368 287.7274  72.2632 14.89125941358786
DUCHIFAT-1
1 40021U 14033M   21026.55376164  .00000772  00000-0  83612-4 0  9996
2 40021  97.9612 325.3694 0011390 273.4058  86.5857 14.91158424359137
TABLETSAT AURORA
1 40017U 14033H   21026.52753114  .00000856  00000-0  86331-4 0  9996
2 40017  98.0570 348.1586 0021799 287.7566  72.1251 14.93736062359878
PUCP-SAT 1
1 39442U 13066AC  21026.52971403  .00000603  00000-0  65412-4 0  9991
2 39442  97.4849  53.3514 0032312 149.3089 211.0029 14.91208298388627
WREN
1 39435U 13066V   14099.35188471 +.00002386 +00000-0 +27506-3 0  9992
2 39435 097.7868 174.0379 0056077 109.7041 251.0236 14.85489138020584
QUBESCOUT-S1
1 39443U 13066AD  21026.08809606  .00000600  00000-0  57591-4 0  9994
2 39443  97.4905  67.9206 0025038 113.9002 246.4847 14.96342966389424
BRITE-PL
1 39431U 13066R   21026.43439614  .00000132  00000-0  38415-4 0  9992
2 39431  97.7717 278.2016 0202169 358.2905   1.7575 14.47112084379037
GOMX 1
1 39430U 13066Q   21026.55615032  .00000114  00000-0  29820-4 0  9994
2 39430  97.8092 317.8169 0150039 201.3776 158.1106 14.59525003382341
DELFI-N3XT
1 39428U 13066N   21026.50151754  .00000665  00000-0  11206-3 0  9991
2 39428  97.7637 339.8606 0121398  97.3006 264.2016 14.67848204384146
TRITON 1
1 39427U 13066M   21026.49186129  .00000391  00000-0  69466-4 0  9990
2 39427  97.7579 341.4221 0114923  84.8506 276.5804 14.68138861384383
WNISAT 1
1 39423U 13066H   21026.48393472  .00000059  00000-0  22071-4 0  9998
2 39423  97.8026 298.7238 0173922 280.2281  77.9364 14.53180799380825
ZACUBE
1 39417U 13066B   21026.47645251  .00000426  00000-0  59596-4 0  9995
2 39417  97.5802  18.2719 0057201 266.6213  92.8456 14.81416654388054
HO OPONOPONO 2
1 39403U 13064Z   21026.52670406  .00047797  00000-0  32476-3 0  9993
2 39403  40.5153 207.2374 0004520 333.9078  26.1521 15.74036875403334
CUBEBUG 1
1 39153U 13018D   21026.55000665  .00000404  00000-0  59177-4 0  9993
2 39153  97.9886 132.7874 0018238  93.6781 266.6517 14.80843893418721
TURKSAT 3U
1 39152U 13018C   21026.49421646  .00000390  00000-0  57015-4 0  9994
2 39152  97.8919 117.7058 0018086  81.2818 279.0443 14.80960921418793
NEE 01 PEGASUS
1 39151U 13018B   21026.27454146  .00000289  00000-0  44816-4 0  9992
2 39151  97.9758 129.6346 0018398  98.5998 261.7300 14.80276206418631
BEESAT-2
1 39136U 13015G   21026.18683913  .00002188  00000-0  11507-3 0  9998
2 39136  64.8743 307.5972 0028770 262.5646  97.2212 15.18241429428918
SOMP
1 39134U 13015E   21026.40988555  .00002616  00000-0  12305-3 0  9994
2 39134  64.8623 274.1571 0011522 218.9869 141.0430 15.21919133429599
AIST 2
1 39133U 13015D   21026.53386504  .00000138  00000-0  22016-4 0  9991
2 39133  64.8739  73.4866 0024465 223.9442 135.9738 15.05052999426811
