
PRATHAM
1 41783U 16059A   21026.42336508  .00000108  00000-0  30040-4 0  9996
2 41783  97.9868  81.2371 0032884 335.9215  24.0449 14.63107698231483
AAUSAT-4
1 41460U 16025E   21026.29608889  .00005682  00000-0  27060-3 0  9999
2 41460  98.1187 157.4991 0150409 167.2243 193.2986 15.10064937261251
OUFTI-1
1 41458U 16025C   21025.81198911  .00004941  00000-0  24300-3 0  9994
2 41458  98.1235 154.5721 0160821 180.1947 179.9244 15.07846072260975
LILACSAT 2
1 40908U 15049K   21026.27064611  .00000280  00000-0  18879-4 0  9995
2 40908  97.5001  28.2529 0015037 336.9146  33.7703 15.14262439295715
FIREBIRD 4
1 40378U 15003C   21026.25532399  .00004713  00000-0  17741-3 0  9998
2 40378  99.0837 138.1468 0119571 289.2165  69.6158 15.21337392331174
AISSAT 2
1 40075U 14037G   21026.24488385  .00000102  00000-0  20087-4 0  9998
2 40075  98.4520 228.2059 0006152 144.2576 215.9009 14.82600192354491
UKUBE 1
1 40074U 14037F   21026.09071750  .00000283  00000-0  40828-4 0  9999
2 40074  98.4423 233.6132 0005074 115.2983 244.8754 14.84438846354783
AISAT
1 40054U 14034B   21026.40809136  .00000701  00000-0  10412-3 0  9996
2 40054  98.3009 174.9377 0013680 135.6645 224.5663 14.78265728354549
TIGRISAT
1 40043U 14033AK  21025.81331202  .00000204  00000-0  37295-4 0  9998
2 40043  97.6843 237.0076 0059890   1.1028 359.0302 14.74470543354810
STRAND 1
1 39090U 13009E   21026.11166765  .00000066  00000-0  38259-4 0  9991
2 39090  98.4365 231.5697 0008895 349.3794  10.7203 14.35165632414648
AAUSAT3
1 39087U 13009B   21026.08702272  .00000091  00000-0  46304-4 0  9990
2 39087  98.4338 232.5002 0012416 343.7185  16.3597 14.35890621414765
AEROCUBE 4
1 38769U 12048M   21026.16396288  .00000486  00000-0  57726-4 0  9991
2 38769  64.6694 292.0588 0147279  56.7893 304.7238 14.89392789 74910
AEROCUBE 4.5A
1 38767U 12048K   21025.48327416  .00000474  00000-0  53726-4 0  9993
2 38767  64.6655 261.9804 0137633  55.3347 306.0646 14.92557693 74934
CP5
1 38763U 12048F   21025.59246926 +.00000438 +00000+0 +48695-4 0  3034
2 38763  64.6626 239.2598 0132870  53.9195 307.4137 14.94732709196580
AENEAS
1 38760U 12048C   21025.48424735 +.00001160 +00000+0 +79307-4 0  2255
2 38760  64.6579 119.4366 0102708  42.0067 318.8844 15.07669149198237
M-CUBED/EXP-1 PRIME
1 37855U 11061F   21026.11414048  .00002490  00000-0  12734-3 0  9996
2 37855 101.7259 235.6982 0168486 133.8697 227.6577 15.07128957505203
AUBIESAT-1
1 37854U 11061E   21026.09096539  .00001722  00000-0  92060-4 0  9991
2 37854 101.7127 238.6150 0156013 119.4614 242.2268 15.08095466505476
RAX-2
1 37853U 11061D   21026.11043268  .00002058  00000-0  11520-3 0  9998
2 37853 101.7234 224.1638 0165923 152.8927 208.1070 15.04872168504797
DICE 2
1 37852U 11061C   21025.89130070  .00001788  00000-0  94093-4 0  9995
2 37852 101.7282 240.7935 0159649 126.3735 235.2329 15.08092967504887
DICE 1
1 37851U 11061B   21025.84257365  .00003299  00000-0  17137-3 0  9998
2 37851 101.7472 228.0223 0177481 164.2234 196.4608 15.04954056504368
ITUPSAT 1
1 35935U 09051E   21026.52388381  .00000161  00000-0  48036-4 0  9992
2 35935  98.6150 224.0303 0008259 169.2064 190.9311 14.55683456602157
UWE-2
1 35934U 09051D   21026.48334507  .00000131  00000-0  41019-4 0  9998
2 35934  98.6114 219.4982 0006562 172.7313 187.3980 14.55999691602320
BEESAT
1 35933U 09051C   21026.53523347  .00000184  00000-0  52474-4 0  9990
2 35933  98.6046 223.8770 0005961 166.0066 194.1297 14.56545677602453
SWISSCUBE
1 35932U 09051B   21026.08278708  .00000165  00000-0  48237-4 0  9998
2 35932  98.6068 221.5554 0007949 157.3840 202.7709 14.56480385602270
SDS-1
1 33497U 09002F   21025.79616448  .00000082  00000-0  22100-4 0  9991
2 33497  98.4035 216.5300 0002926  61.9985 298.1516 14.70638534643962
SEEDS
1 32791U 08021J   21026.52232772  .00000791  00000-0  84766-4 0  9996
2 32791  97.5583  17.0483 0014724  80.2966 279.9915 14.91258420691704
DELFI C3
1 32789U 08021G   21025.81912448  .00001696  00000-0  11279-3 0  9992
2 32789  97.3940  66.5975 0010330 272.7466  87.2580 15.08424653695325
AEROCUBE 2
1 31133U 07012R   21026.38286113  .00000230  00000-0  56872-4 0  9991
2 31133  98.1934 333.2623 0080210 342.4575  17.3857 14.59285248732809
CP4
1 31132U 07012Q   21026.40461116  .00000245  00000-0  59930-4 0  9995
2 31132  98.1936 333.2505 0080227 342.5649  17.2799 14.59257556732816
CAPE 1
1 31130U 07012P   21025.79413902  .00000231  00000-0  58979-4 0  9991
2 31130  98.2215 326.7245 0097068  66.8037 294.3350 14.56623109731189
LIBERTAD 1
1 31128U 07012M   21025.59364669  .00000189  00000-0  50637-4 0  9996
2 31128  98.2198 325.4041 0097558  71.4416 289.7350 14.56265108731283
CSTB 1
1 31122U 07012F   21025.84605795  .00000292  00000-0  67073-4 0  9993
2 31122  98.1930 338.8029 0077490 320.9552  38.6070 14.61155672733259
CUBESAT XI-V
1 28895U 05043F   21025.84350865  .00000158  00000-0  39261-4 0  9992
2 28895  98.0364 162.3950 0015585 301.7794  58.1890 14.63857294813142
CUBESAT XI-IV
1 27848U 03031J   21026.25317496  .00000065  00000-0  49463-4 0  9995
2 27848  98.6878  37.1801 0010454 139.0633 221.1331 14.21864737911632
CANX-1
1 27847U 03031H   21026.00624292  .00000050  00000-0  42200-4 0  9998
2 27847  98.6857  34.8904 0010396 104.7458 255.4873 14.22235169911863
DTUSAT
1 27842U 03031C   21026.01524499  .00000056  00000-0  44612-4 0  9997
2 27842  98.6845  34.9272 0010416 103.8316 256.4022 14.22300455911925
QB50P2
1 40032U 14033Y   21026.51484989  .00000519  00000-0  61359-4 0  9992
2 40032  97.9128 313.8539 0010429 285.2168  74.7895 14.88831107358699
DTUSAT-2
1 40030U 14033W   21025.74940530  .00000418  00000-0  50623-4 0  9993
2 40030  97.9119 313.0847 0010537 287.0820  72.9242 14.88875791358082
POPSAT HIP 1
1 40028U 14033U   21026.22890994  .00000208  00000-0  28095-4 0  9997
2 40028  97.9334 317.4734 0012380 288.8098  71.1820 14.89125266358725
DUCHIFAT-1
1 40021U 14033M   21026.08403897  .00000598  00000-0  66127-4 0  9996
2 40021  97.9611 324.8955 0011390 275.1580  84.8338 14.91157129359067
TABLETSAT AURORA
1 40017U 14033H   21026.19259459  .00000863  00000-0  87004-4 0  9998
2 40017  98.0571 347.8154 0021812 288.9145  70.9709 14.93735628359824
PUCP-SAT 1
1 39442U 13066AC  21026.06000215  .00000400  00000-0  45200-4 0  9992
2 39442  97.4849  52.9057 0032282 150.8279 209.4752 14.91206849389173
WREN
1 39435U 13066V   14099.35188471 +.00002386 +00000-0 +27506-3 0  9992
2 39435 097.7868 174.0379 0056077 109.7041 251.0236 14.85489138020584
QUBESCOUT-S1
1 39443U 13066AD  21026.08809606  .00000600  00000-0  57591-4 0  9994
2 39443  97.4905  67.9206 0025038 113.9002 246.4847 14.96342966390055
BRITE-PL
1 39431U 13066R   21025.67382798  .00000089  00000-0  29356-4 0  9992
2 39431  97.7718 277.5024 0202225   0.6397 359.5019 14.47111667378925
GOMX 1
1 39430U 13066Q   21026.28191961  .00000128  00000-0  32210-4 0  9996
2 39430  97.8091 317.5584 0150002 202.2497 157.2153 14.59525060382309
DELFI-N3XT
1 39428U 13066N   21026.43334921  .00000668  00000-0  11261-3 0  9996
2 39428  97.7637 339.7960 0121393  97.5163 263.9853 14.67848161384315
TRITON 1
1 39427U 13066M   21026.49186129  .00000391  00000-0  69466-4 0  9990
2 39427  97.7579 341.4221 0114923  84.8506 276.5804 14.68138861384585
WNISAT 1
1 39423U 13066H   21026.27736837  .00000035  00000-0  17252-4 0  9990
2 39423  97.8026 298.5313 0173978 280.8876  77.2772 14.53180498380781
ZACUBE
1 39417U 13066B   21025.73346275  .00000337  00000-0  48418-4 0  9999
2 39417  97.5801  17.5689 0057203 269.1153  90.3506 14.81415603387943
HO OPONOPONO 2
1 39403U 13064Z   21025.89225762  .00037381  00000-0  25553-3 0  9999
2 39403  40.5154 211.2340 0004596 329.9109  30.1454 15.73974570403237
CUBEBUG 1
1 39153U 13018D   21026.55000665  .00000404  00000-0  59177-4 0  9993
2 39153  97.9886 132.7874 0018238  93.6781 266.6517 14.80843893418800
TURKSAT 3U
1 39152U 13018C   21026.49421646  .00000390  00000-0  57015-4 0  9994
2 39152  97.8919 117.7058 0018086  81.2818 279.0443 14.80960921418793
NEE 01 PEGASUS
1 39151U 13018B   21026.27454146  .00000289  00000-0  44816-4 0  9992
2 39151  97.9758 129.6346 0018398  98.5998 261.7300 14.80276206418642
BEESAT-2
1 39136U 13015G   21025.79161729  .00001713  00000-0  92270-4 0  9990
2 39136  64.8744 308.8734 0028781 262.6262  97.1593 15.18237290428851
SOMP
1 39134U 13015E   21026.08133058  .00001957  00000-0  94364-4 0  9991
2 39134  64.8623 275.2245 0011539 218.9858 141.0439 15.21913836429925
AIST 2
1 39133U 13015D   21026.26807523  .00000111  00000-0  20203-4 0  9997
2 39133  64.8736  74.3274 0024484 223.9842 135.9330 15.05052670426775
