
AAUSAT-4
1 41460U 16025E   21056.31089624  .00004314  00000-0  20500-3 0  9998
2 41460  98.1224 189.3356 0150177  66.3164 295.3776 15.10320628265780
LILACSAT 2
1 40908U 15049K   21056.27915690  .00000516  00000-0  31733-4 0  9996
2 40908  97.5013  57.8233 0014549 223.2717 192.5142 15.14297940300259
FIREBIRD 4
1 40378U 15003C   21056.31131579  .00006959  00000-0  25728-3 0  9991
2 40378  99.0834 174.3850 0120029 188.0248 171.9066 15.21575366335743
TIGRISAT
1 40043U 14033AK  21054.99386077  .00000235  00000-0  41896-4 0  9995
2 40043  97.6834 264.6973 0058406 265.2866  94.1672 14.74482660359115
STRAND 1
1 39090U 13009E   21055.81170359  .00000065  00000-0  37639-4 0  9994
2 39090  98.4362 260.6061 0008057 252.0143 108.0165 14.35169878418885
M-CUBED/EXP-1 PRIME
1 37855U 11061F   21055.12462050  .00001864  00000-0  97211-4 0  9993
2 37855 101.7245 279.7632 0168247  47.6642 313.8683 15.07225632509574
DICE 2
1 37852U 11061C   21056.34267976  .00002310  00000-0  11896-3 0  9996
2 37852 101.7258 287.1194 0159421  35.7704 325.4064 15.08198005509949
ITUPSAT 1
1 35935U 09051E   21055.80552495  .00000138  00000-0  42701-4 0  9991
2 35935  98.6157 254.2435 0009210  87.5980 272.6271 14.55691912606380
SEEDS
1 32791U 08021J   21055.77723834  .00000793  00000-0  84943-4 0  9998
2 32791  97.5620  45.0845 0012884 348.6281  11.4645 14.91287536696068
DELFI C3
1 32789U 08021G   21056.33283621  .00002715  00000-0  17758-3 0  9998
2 32789  97.3900  95.9702 0012532 161.3969 198.7721 15.08530646700021
CAPE 1
1 31130U 07012P   21056.29318835  .00000253  00000-0  64151-4 0  9992
2 31130  98.2243 356.8125 0095384 332.7620  26.8593 14.56638283735611
CUBESAT XI-V
1 28895U 05043F   21056.32908670  .00000217  00000-0  50438-4 0  9997
2 28895  98.0394 192.1402 0016457 199.4155 160.6423 14.63869330817835
CUBESAT XI-IV
1 27848U 03031J   21055.66776037  .00000064  00000-0  48760-4 0  9990
2 27848  98.6886  66.1466 0010704  61.9444 298.2814 14.21869604915780
TABLETSAT AURORA
1 40017U 14033H   21056.33677548  .00000761  00000-0  77321-4 0  9998
2 40017  98.0611  18.7210 0022780 184.4811 175.6150 14.93762339364324
GOMX 1
1 39430U 13066Q   21056.24142373  .00000280  00000-0  58942-4 0  9997
2 39430  97.8104 345.7787 0151939 108.0691 253.7130 14.59539730386671
WNISAT 1
1 39423U 13066H   21056.22981368  .00000059  00000-0  21383-4 0  9995
2 39423  97.8007 326.4421 0174935 186.8546 173.0240 14.53187748385138
ZACUBE
1 39417U 13066B   21055.99337273  .00000314  00000-0  45335-4 0  9998
2 39417  97.5839  46.2089 0058935 168.3824 191.8766 14.81434099392429
HO OPONOPONO 2
1 39403U 13064Z   21056.26391691  .00058431  00000-0  36232-3 0  9994
2 39403  40.5177  19.6862 0006339 226.5178 133.5124 15.76059283409377
SOMP
1 39134U 13015E   21056.24164466  .00003598  00000-0  16529-3 0  9998
2 39134  64.8642 177.2373 0008631 224.6850 135.3584 15.22050808434514
AIST 2
1 39133U 13015D   21056.38891497  .00000353  00000-0  36977-4 0  9999
2 39133  64.8768 339.0248 0021522 219.9580 250.3330 15.05076026431304

AAUSAT-4
1 41460U 16025E   21056.31089624  .00004314  00000-0  20500-3 0  9998
2 41460  98.1224 189.3356 0150177  66.3164 295.3776 15.10320628265780
LILACSAT 2
1 40908U 15049K   21056.27915690  .00000516  00000-0  31733-4 0  9996
2 40908  97.5013  57.8233 0014549 223.2717 192.5142 15.14297940300259
FIREBIRD 4
1 40378U 15003C   21056.31131579  .00006959  00000-0  25728-3 0  9991
2 40378  99.0834 174.3850 0120029 188.0248 171.9066 15.21575366335743
TIGRISAT
1 40043U 14033AK  21054.99386077  .00000235  00000-0  41896-4 0  9995
2 40043  97.6834 264.6973 0058406 265.2866  94.1672 14.74482660359115
STRAND 1
1 39090U 13009E   21055.81170359  .00000065  00000-0  37639-4 0  9994
2 39090  98.4362 260.6061 0008057 252.0143 108.0165 14.35169878418885
M-CUBED/EXP-1 PRIME
1 37855U 11061F   21055.12462050  .00001864  00000-0  97211-4 0  9993
2 37855 101.7245 279.7632 0168247  47.6642 313.8683 15.07225632509574
DICE 2
1 37852U 11061C   21056.34267976  .00002310  00000-0  11896-3 0  9996
2 37852 101.7258 287.1194 0159421  35.7704 325.4064 15.08198005509949
ITUPSAT 1
1 35935U 09051E   21055.80552495  .00000138  00000-0  42701-4 0  9991
2 35935  98.6157 254.2435 0009210  87.5980 272.6271 14.55691912606380
SEEDS
1 32791U 08021J   21055.77723834  .00000793  00000-0  84943-4 0  9998
2 32791  97.5620  45.0845 0012884 348.6281  11.4645 14.91287536696068
DELFI C3
1 32789U 08021G   21056.33283621  .00002715  00000-0  17758-3 0  9998
2 32789  97.3900  95.9702 0012532 161.3969 198.7721 15.08530646700021
CAPE 1
1 31130U 07012P   21056.29318835  .00000253  00000-0  64151-4 0  9992
2 31130  98.2243 356.8125 0095384 332.7620  26.8593 14.56638283735611
CUBESAT XI-V
1 28895U 05043F   21056.32908670  .00000217  00000-0  50438-4 0  9997
2 28895  98.0394 192.1402 0016457 199.4155 160.6423 14.63869330817835
CUBESAT XI-IV
1 27848U 03031J   21055.66776037  .00000064  00000-0  48760-4 0  9990
2 27848  98.6886  66.1466 0010704  61.9444 298.2814 14.21869604915780
TABLETSAT AURORA
1 40017U 14033H   21056.33677548  .00000761  00000-0  77321-4 0  9998
2 40017  98.0611  18.7210 0022780 184.4811 175.6150 14.93762339364324
GOMX 1
1 39430U 13066Q   21056.24142373  .00000280  00000-0  58942-4 0  9997
2 39430  97.8104 345.7787 0151939 108.0691 253.7130 14.59539730386671
WNISAT 1
1 39423U 13066H   21056.22981368  .00000059  00000-0  21383-4 0  9995
2 39423  97.8007 326.4421 0174935 186.8546 173.0240 14.53187748385138
ZACUBE
1 39417U 13066B   21055.99337273  .00000314  00000-0  45335-4 0  9998
2 39417  97.5839  46.2089 0058935 168.3824 191.8766 14.81434099392429
HO OPONOPONO 2
1 39403U 13064Z   21056.26391691  .00058431  00000-0  36232-3 0  9994
2 39403  40.5177  19.6862 0006339 226.5178 133.5124 15.76059283409377
SOMP
1 39134U 13015E   21056.24164466  .00003598  00000-0  16529-3 0  9998
2 39134  64.8642 177.2373 0008631 224.6850 135.3584 15.22050808434514
AIST 2
1 39133U 13015D   21056.38891497  .00000353  00000-0  36977-4 0  9999
2 39133  64.8768 339.0248 0021522 219.9580 250.3330 15.05076026431304
